6.350
110.660
88.494
50.927
98.618
44.133
108.631
10.725
59.790
32.747
63.435
237.824
142.415
180.140
19.128
45.451
207.138
72.210
69.029
71.669
142.168
66.125
54.760
54.406
157.186
201.711
5.729
9.248
156.228
36.528
179.590
115.624
8.535
73.719
10.240
3.648
0.709
23.663
358.306
79.633
303.200
99.147
350.668
2.930
126.154
212.029
157.663
226.214
308.261
115.102
16.822
98.740
512.426
48.882
35.745
14.764
80.113
14.976
51.512
81.467
9.004
140.433
76.601
6.056
3.777
109.270
157.450
171.152
43.126
139.641
129.612
65.370
4.692
77.852
40.581
116.570
11.262
12.721
46.781
19.656
150.366
138.203
24.774
90.784
133.828
104.558
47.024
12.583
64.627
88.210
44.938
33.809
150.015
107.587
21.911
100.120
151.520
66.298
9.657
130.790
18.648
272.823
355.027
5.192
61.967
126.835
25.018
81.054
39.823
42.172
90.380
25.668
76.968
65.335
7.094
108.442
62.384
165.196
230.900
97.905
13.536
91.389
174.579
43.505
110.002
206.790
218.148
138.910
58.884
19.093
74.217
43.563
116.984
255.204
35.091
10.542
62.873
78.523
127.110
150.750
13.879
46.204
79.390
37.233
46.089
4.308
358.306
151.087
106.430
9.114
0.535
162.218
46.156
398.167
117.969
13.634
45.518
62.316
146.646
72.038
211.244
6.728
72.242
190.014
76.941
100.689
11.189
55.118
4.071
19.235
90.230
16.647
68.360
217.092
9.151
83.377
159.237
41.104
12.721
99.328
21.290
72.722
13.975
51.695
96.157
153.450
161.047
169.241
87.161
58.215
21.868
77.696
139.782
50.989
14.598
34.585
477.539
69.320
75.004
88.303
13.205
4.661
56.527
252.249
138.910
44.569
9.101
31.340
50.037
69.210
14.959
95.291
79.212
50.747
28.553
21.376
17.579
17.534
49.368
33.923
51.330
78.053
40.547
18.297
128.064
145.301
1.928
171.442
86.476
199.367
50.901
50.747
13.272
20.574
53.492
89.266
41.645
33.476
66.544
25.768
34.870
42.873
24.845
65.361
39.765
225.324
21.737
38.331
52.545
11.752
62.909
56.408
36.059
39.598
83.413
41.078
419.476
12.518
166.126
126.269
42.591
207.199
176.832
92.987
28.553
130.541
10.368
44.632
88.726
22.772
93.752
41.015
24.129
84.880
172.316
184.575
176.772
59.889
70.996
113.796
30.740
126.856
374.877
25.418
15.404
6.479
106.188
53.187
23.883
17.357
162.070
27.847
35.245
55.266
3.231
73.947
23.344
93.089
83.134
18.786
40.881
154.969
29.746
0.862
165.274
170.372
101.549
22.747
127.110
121.646
152.129
25.041
140.700
24.113
188.402
44.548
3.585
44.025
12.583
16.121
151.066
254.516
61.459
20.088
38.847
321.297
112.125
184.342
73.947
168.714
31.769
33.366
92.889
233.144
59.452
85.487
65.444
135.121
38.787
16.280
134.421
126.269
33.597
203.010
137.526
142.199
49.473
30.438
86.934
61.651
13.162
1.325
192.487
26.717
28.422
44.314
48.140
36.503
20.519
140.377
294.015
78.820
4.397
22.392
27.069
78.053
169.163
161.921
185.815
126.278
222.266
13.960
75.944
16.330
3.324
84.883
10.766
39.237
17.319
83.134
3.539
41.860
111.010
52.243
332.551
19.835
106.931
36.712
84.309
38.314
101.324
31.012
78.479
21.050
5.789
197.738
22.333
26.453
182.367
35.241
57.602
19.495
109.987
1.878
21.379
2.437
49.989
141.749
13.513
58.718
292.284
1.576
222.266
489.396
50.037
23.382
145.372
30.211
5.463
82.234
40.813
45.032
44.811
21.290
65.663
65.843
188.599
447.290
37.311
35.250
53.033
87.851
4.949
32.321
28.553
141.256
64.672
26.017
71.480
148.730
180.140
44.713
6.683
95.621
84.551
91.389
157.450
2.519
103.098
18.952
197.957
145.301
101.719
53.033
158.727
13.700
92.668
302.703
153.815
9.980
61.482
84.853
50.332
292.410
73.494
222.817
193.692
36.528
138.203
81.872
162.218
192.487
121.826
62.202
608.599
3.464
55.829
26.347
15.192
35.063
15.578
281.548
10.240
3.910
7.168
15.695
76.784
144.757
63.222
21.290
133.369
247.471
79.715
28.421
28.649
26.722
45.759
41.166
72.943
90.473
118.653
60.077
140.101
97.002
16.521
32.639
76.754
7.831
18.297
30.438
36.204
11.369
26.686
75.944
442.165
80.362
19.656
35.609
14.976
21.196
75.739
162.070
16.046
9.383
119.175
35.483
85.542
97.002
73.447
37.006
6.442
78.663
8.890
9.304
117.249
32.290
25.571
30.667
75.289
120.588
55.399
12.784
41.715
213.780
44.811
38.678
13.802
90.883
62.751
71.070
313.769
70.450
53.187
72.603
82.065
28.422
23.170
169.241
21.895
35.753
6.661
19.719
28.042
180.480
46.467
131.545
25.434
320.396
31.534
14.481
97.620
68.758
23.904
46.331
145.311
25.055
149.776
12.054
140.348
19.055
413.085
29.490
33.381
56.147
1.870
44.713
104.155
94.009
29.679
78.708
6.243
51.227
59.790
23.904
4.066
106.582
94.907
8.206
4.576
106.951
50.716
38.284
23.994
107.552
89.944
92.359
52.857
4.308
31.253
59.698
135.613
174.612
6.329
8.404
23.950
95.291
32.085
2.252
61.052
18.995
49.013
50.580
71.229
529.528
121.646
185.532
96.008
189.381
0.576
61.871
241.724
47.300
126.046
28.638
103.716
128.929
89.617
143.164
43.354
140.897
15.397
84.853
123.596
156.097
156.536
51.348
42.627
16.536
72.936
8.176
20.928
118.245
111.137
21.765
43.063
206.534
88.494
93.752
75.314
32.747
43.126
44.543
22.939
3.812
155.193
25.886
252.249
14.820
160.679
120.544
11.752
23.554
5.155
48.487
163.958
37.006
41.432
155.006
39.823
2.866
109.270
54.878
129.291
21.190
77.666
275.918
53.655
72.722
103.541
136.645
108.974
50.901
103.267
2.252
415.675
73.242
21.196
21.868
1.742
23.406
89.906
17.269
125.836
2.945
16.919
176.772
98.740
139.954
13.704
196.416
39.632
12.721
22.981
26.153
68.099
125.547
47.772
75.745
49.109
31.230
49.013
0.664
78.523
313.769
4.749
113.880
1.144
27.869
21.816
53.517
14.508
125.705
149.460
9.045
74.723
66.869
47.745
13.955
117.263
45.032
1.952
8.035
40.881
25.041
12.093
66.481
4.578
79.208
62.191
256.876
43.294
1.524
65.370
7.059
298.639
80.884
15.358
1.795
107.423
46.879
94.231
64.926
109.270
174.619
72.210
413.829
137.155
249.614
149.776
117.015
69.717
264.152
90.481
159.102
35.753
58.862
30.773
22.529
0.575
36.275
156.941
72.826
24.151
221.003
41.329
196.639
3.499
15.600
46.089
124.391
60.794
141.611
199.141
4.269
37.368
111.377
139.954
92.751
14.549
148.261
355.027
82.537
57.249
10.103
21.609
0.575
260.472
98.426
94.291
230.035
7.580
89.633
42.441
41.198
16.310
21.868
63.337
358.076
81.024
86.280
66.544
3.467
94.311
89.674
66.976
78.550
254.730
78.663
125.799
1.974
156.228
38.690
22.747
0.459
17.248
88.930
210.151
12.169
248.711
65.744
218.679
78.195
38.787
62.851
40.990
91.850
165.196
157.186
26.830
45.531
34.259
12.447
76.135
44.963
284.534
113.540
91.939
284.238
21.279
8.035
8.961
281.565
78.550
153.815
9.070
33.807
77.829
63.337
64.522
74.565
252.249
78.195
119.680
48.266
140.897
58.388
38.217
1.878
292.410
141.749
43.116
80.483
6.210
114.791
34.846
5.264
2.228
146.934
30.564
91.842
49.130
63.071
31.916
166.385
207.138
60.498
38.217
62.316
7.285
171.596
44.713
56.827
21.196
33.750
23.554
44.019
1.070
17.015
6.726
12.607
23.894
29.402
155.153
159.102
122.841
184.342
31.975
126.046
98.261
65.217
284.238
169.709
9.114
54.455
29.402
177.278
29.301
48.036
77.826
153.192
8.035
12.521
55.117
127.110
15.394
25.041
27.809
28.920
165.196
24.098
96.921
18.862
172.316
0.575
10.465
22.356
22.954
148.261
149.460
38.188
77.358
17.956
9.265
74.849
53.004
184.575
126.856
118.430
174.237
17.390
49.109
0.575
94.311
10.126
21.290
39.771
31.286
48.353
15.397
127.039
270.629
206.790
44.811
79.352
1.070
67.882
72.179
77.505
153.961
7.823
28.920
137.209
31.230
33.216
86.446
78.522
27.333
27.229
70.109
53.170
60.271
77.994
13.506
17.189
1.657
16.603
23.904
39.632
45.400
10.794
171.210
1.329
87.632
26.381
87.858
7.530
4.895
150.769
5.102
27.332
142.115
26.872
149.015
258.354
17.123
12.796
50.913
154.880
136.947
44.958
37.293
135.877
11.078
32.295
108.442
31.329
216.761
110.602
78.195
31.648
48.689
41.769
15.587
89.617
12.093
249.820
4.033
94.291
26.634
79.715
22.994
25.350
34.680
0.427
55.867
54.934
64.103
204.554
72.943
17.715
18.596
152.664
32.412
288.054
169.152
222.737
96.632
62.696
77.547
12.335
59.293
47.738
56.040
36.059
54.878
118.061
31.769
66.117
130.651
102.554
189.811
125.799
84.880
80.625
92.889
161.277
90.934
28.041
58.862
5.697
44.025
81.552
33.368
21.737
8.243
25.668
85.174
19.569
96.921
150.429
115.624
248.711
16.132
187.253
140.377
144.134
43.672
17.783
4.050
16.077
41.502
31.329
10.761
62.751
32.489
11.919
178.110
29.103
27.945
161.921
22.212
85.243
3.992
122.841
125.986
18.596
21.312
355.564
141.435
29.402
124.226
101.430
95.257
52.179
39.545
20.432
162.706
214.750
17.670
0.621
113.068
9.865
139.887
4.071
36.773
79.496
2.661
26.686
77.195
85.902
31.491
139.641
24.875
4.147
7.431
68.010
58.718
105.241
198.924
101.103
52.857
52.493
47.047
0.535
33.262
34.738
29.062
116.997
75.884
25.716
270.629
21.752
171.268
151.153
9.045
126.250
42.591
6.870
92.451
127.638
6.056
140.057
9.304
19.595
4.949
169.569
97.702
24.145
14.431
12.796
21.640
63.435
37.311
22.208
69.459
25.211
257.835
70.109
5.364
29.402
111.854
24.294
37.809
155.006
124.390
79.258
86.476
46.156
218.679
33.476
197.595
156.097
117.707
7.392
63.951
28.706
38.678
35.696
44.543
91.667
128.327
15.397
25.023
134.942
57.648
60.740
105.100
452.613
6.051
138.162
50.747
105.315
34.095
22.018
39.360
4.692
92.275
119.990
120.257
13.265
3.822
15.710
15.305
7.823
36.329
74.644
97.905
141.256
39.823
12.272
229.841
33.368
408.087
41.041
14.228
19.366
49.657
289.038
41.157
12.272
163.453
211.432
30.258
11.274
24.705
214.201
90.480
62.471
13.265
61.052
207.438
85.487
15.533
281.677
9.417
17.695
55.265
78.125
12.335
109.270
186.061
245.882
84.194
22.149
4.793
41.999
24.064
40.151
50.927
17.548
19.581
49.522
2.622
77.352
11.641
12.054
44.811
155.492
21.077
32.283
14.508
58.009
65.564
18.056
51.914
81.584
213.048
90.795
15.883
60.045
79.520
205.862
13.916
69.957
59.689
13.565
197.957
62.966
153.961
204.720
85.436
26.827
31.989
75.516
111.071
132.051
2.468
87.858
21.752
59.059
13.228
142.360
150.089
19.235
211.432
59.754
137.531
54.844
34.259
85.487
33.381
10.299
31.015
146.934
192.942
187.096
109.987
67.011
47.655
44.697
41.267
127.638
140.057
58.215
80.625
130.153
35.904
22.007
73.578
1.903
47.841
37.222
55.180
51.843
9.420
46.054
185.823
17.011
37.222
19.953
397.744
65.393
6.136
22.782
107.882
246.980
109.904
62.085
229.546
34.925
63.060
83.767
3.226
136.196
86.287
24.366
2.537
160.318
0.362
78.479
39.598
25.734
1.677
7.497
46.403
127.638
42.507
14.578
206.080
39.950
47.841
165.281
40.547
235.542
7.369
77.546
206.790
292.348
13.975
137.912
2.812
23.392
40.990
23.950
59.689
156.228
48.754
69.417
94.009
53.216
37.233
90.784
13.234
94.298
34.046
106.912
4.586
222.836
90.899
25.239
141.018
33.381
230.035
211.440
113.880
81.155
359.493
30.317
29.490
6.520
52.019
16.536
313.136
183.801
12.103
62.967
3.900
43.672
59.889
46.879
6.297
65.370
148.261
281.548
90.230
88.303
40.003
16.394
23.554
2.757
38.787
132.858
150.089
70.826
5.149
6.136
32.272
154.034
209.347
44.075
103.098
19.606
74.723
74.800
126.269
15.186
2.719
70.130
4.459
80.362
103.395
2.661
150.429
27.847
80.961
42.692
27.976
298.639
192.942
19.707
59.754
83.308
57.662
74.422
29.250
116.868
104.512
189.381
35.870
23.344
284.534
2.815
47.772
18.056
130.541
233.144
254.730
64.570
136.645
162.792
4.586
55.550
19.556
25.886
55.117
4.441
60.045
55.909
489.396
12.335
152.079
65.451
32.764
20.766
0.370
11.683
75.884
247.343
28.763
125.705
44.997
71.585
25.571
95.621
141.828
127.638
7.351
169.241
260.398
185.815
37.117
32.283
102.418
120.588
119.996
2.815
78.635
9.004
16.293
25.109
47.841
288.199
122.841
21.661
139.782
22.954
8.235
178.101
34.870
136.828
40.483
26.952
34.127
270.629
33.367
4.033
125.249
3.723
37.939
2.866
14.706
7.245
6.395
5.227
18.648
68.360
77.724
59.165
18.297
55.260
0.401
224.517
81.761
111.413
66.816
24.246
42.507
53.784
171.485
44.859
46.757
38.779
42.550
72.583
22.564
68.360
84.309
34.471
23.406
55.553
90.751
20.697
0.370
89.613
105.475
78.310
9.045
66.869
74.217
15.582
39.212
37.618
110.042
62.316
6.472
66.793
8.072
52.545
2.933
81.872
4.793
9.070
70.450
9.657
202.983
139.954
7.883
54.528
104.103
21.057
156.303
136.645
21.737
15.200
64.015
119.202
54.410
59.790
78.479
6.262
109.284
156.799
51.952
49.522
43.138
43.229
29.632
135.360
131.545
28.513
189.166
199.508
60.704
119.996
57.428
80.132
102.100
75.944
127.589
85.756
53.216
17.499
48.983
22.470
1.795
54.542
38.184
38.307
48.341
15.200
1.742
17.011
23.712
140.897
19.606
19.102
68.049
171.596
64.672
100.434
258.557
17.534
39.545
29.865
24.113
144.717
161.487
113.540
131.139
13.037
124.221
111.567
31.985
83.157
117.969
35.609
9.101
99.354
22.587
365.960
10.368
52.243
13.674
39.246
68.658
81.247
91.389
168.423
26.462
3.667
144.911
119.140
78.550
150.510
6.401
12.111
249.614
42.550
102.100
75.516
145.431
10.203
60.271
28.421
32.459
104.124
150.510
16.919
42.451
157.868
16.960
18.725
14.791
20.697
95.580
98.019
131.711
47.551
136.828
6.472
0.231
65.663
12.819
25.350
18.847
10.774
132.179
55.488
71.229
286.633
44.073
158.460
38.072
65.371
101.324
29.490
113.854
17.548
3.052
32.406
19.738
13.562
11.189
120.319
46.217
42.146
6.706
30.258
31.253
53.243
14.897
1.742
78.195
23.498
76.754
34.828
64.995
78.523
15.883
205.825
35.609
86.015
16.560
91.686
42.213
79.496
109.044
213.048
50.747
418.291
91.667
6.980
220.110
154.401
31.230
12.296
108.945
142.982
65.218
27.959
36.632
57.616
23.170
181.323
69.972
14.564
28.369
29.230
70.130
2.930
91.516
82.734
340.152
191.190
2.514
36.522
207.138
1.156
110.849
23.369
33.777
12.103
45.639
20.478
17.174
140.101
17.695
53.706
19.094
21.190
149.566
46.217
85.243
14.764
31.015
27.333
14.304
4.269
20.697
45.518
35.609
233.087
88.928
54.630
9.417
72.718
60.730
294.015
93.350
47.634
180.221
72.722
65.335
202.935
63.299
8.380
45.880
222.737
211.812
222.757
99.167
69.439
13.652
45.542
75.944
142.651
3.812
187.828
196.639
162.792
379.276
104.124
69.568
33.475
202.216
59.889
7.447
3.288
27.541
0.664
14.667
33.047
120.588
37.702
61.871
56.505
168.714
281.677
39.523
33.807
83.059
78.593
68.270
169.669
218.148
140.700
27.368
154.133
12.194
74.217
77.852
64.558
61.651
10.820
7.485
82.099
8.035
78.193
1.201
96.992
202.454
123.105
237.673
79.974
71.927
9.657
120.667
44.705
35.457
198.678
8.795
96.921
89.613
35.609
23.229
20.659
4.269
80.961
136.645
82.137
106.048
23.498
88.753
58.330
3.585
54.406
52.744
152.079
20.817
6.350
61.730
150.050
227.164
229.226
4.441
193.105
65.414
301.030
5.252
42.474
65.847
153.961
4.071
79.974
199.506
14.481
74.565
0.362
7.661
27.534
23.554
41.078
26.384
109.707
245.882
22.983
113.038
117.192
101.773
33.831
94.907
140.057
51.952
95.293
345.096
1.277
133.108
83.377
21.936
92.275
2.252
110.042
53.173
36.895
264.152
12.806
115.094
153.552
143.167
13.681
10.732
24.948
31.989
32.316
31.975
350.668
144.911
8.176
53.772
90.328
5.073
138.910
21.594
19.143
127.398
12.784
43.063
45.078
461.753
15.582
43.563
12.518
155.006
235.542
96.707
135.613
46.262
50.301
66.869
263.824
52.742
33.337
58.884
171.152
26.604
4.430
3.082
59.809
30.530
157.186
153.949
44.722
142.168
158.727
315.167
18.348
58.941
63.342
123.768
88.343
94.606
76.409
91.714
11.696
13.318
119.175
101.103
10.368
69.459
109.779
96.509
70.285
37.093
117.235
84.714
169.709
452.613
10.732
9.417
10.197
272.823
32.486
55.226
25.716
57.333
295.533
152.244
31.975
54.729
146.716
43.331
36.204
57.398
141.157
6.742
99.167
2.228
92.617
124.302
0.301
29.187
12.732
192.487
35.792
35.031
80.132
79.354
29.445
56.475
62.751
18.297
106.912
28.638
57.385
12.747
168.423
15.587
92.906
260.398
11.221
0.561
20.766
46.217
62.062
28.270
127.638
13.653
193.786
1.914
93.289
10.068
5.212
73.957
78.615
68.703
214.879
15.578
169.669
92.748
29.301
49.274
37.333
88.726
34.820
192.942
6.520
26.043
12.701
40.695
18.049
36.275
59.408
34.870
132.858
54.760
61.163
11.957
7.728
9.479
23.411
82.099
44.543
112.763
258.644
30.036
4.269
54.934
34.087
221.304
113.038
143.167
254.431
39.237
321.297
27.534
95.621
21.895
42.706
7.040
22.994
4.487
168.245
32.235
45.109
148.730
30.654
64.672
2.839
128.327
160.640
24.294
16.553
31.534
9.865
20.865
226.456
154.969
75.121
42.766
49.165
31.975
150.429
54.024
22.395
5.076
91.389
163.453
139.512
21.986
66.480
22.093
117.166
15.540
20.974
53.784
51.348
41.078
6.416
133.833
61.730
59.560
142.115
46.262
41.244
16.959
38.331
16.394
70.231
25.864
0.454
126.835
18.793
84.309
167.195
151.153
41.467
56.408
2.839
68.280
151.066
80.503
21.306
39.212
64.352
47.047
3.900
32.723
41.157
64.570
172.268
288.054
70.601
130.651
82.065
232.403
16.280
532.478
184.372
8.535
96.712
161.921
11.155
101.430
54.906
6.990
67.882
21.911
52.885
4.578
20.898
28.268
94.298
117.166
59.613
9.660
38.511
83.971
100.139
39.447
174.861
11.078
103.512
108.676
10.529
291.029
71.978
11.574
92.496
40.270
178.093
4.544
133.070
126.154
17.715
139.512
25.018
113.880
34.356
2.064
47.047
21.594
53.243
61.802
157.450
59.790
70.996
89.963
94.517
126.422
3.992
196.212
161.047
30.018
59.560
12.784
83.476
70.076
86.435
30.447
15.674
198.924
145.562
69.568
59.811
48.754
52.179
34.127
49.072
155.079
14.820
2.866
202.983
8.380
144.911
25.532
27.507
58.754
116.570
125.188
130.819
49.444
172.318
10.730
106.188
22.035
150.874
13.668
9.293
41.769
27.045
6.321
28.522
1.928
7.368
49.368
36.599
10.766
154.034
66.298
2.458
34.275
52.493
72.280
49.109
6.102
187.096
90.410
78.820
15.361
72.280
301.030
41.157
38.307
154.792
17.197
9.854
4.834
36.728
195.100
36.632
94.311
90.883
249.453
87.946
47.446
209.675
35.241
83.971
184.575
59.811
30.018
45.451
95.580
14.282
58.009
181.323
53.033
92.748
37.532
55.909
58.862
55.909
35.046
197.595
0.561
83.449
72.725
5.289
130.790
229.570
4.321
76.784
37.809
40.547
27.869
9.248
23.332
144.757
99.965
76.942
131.928
34.006
111.377
178.093
43.801
60.545
103.716
39.960
44.249
48.754
7.565
2.819
225.324
13.590
129.519
196.639
23.369
19.319
15.980
205.748
284.238
48.140
59.114
68.270
57.703
78.630
20.865
39.765
21.640
4.147
59.754
134.752
1.239
19.953
109.201
22.068
48.574
352.379
176.866
16.994
35.609
66.533
60.078
133.769
91.755
119.983
76.077
61.482
34.046
214.750
87.987
106.931
16.183
76.527
57.385
8.572
244.320
125.986
56.426
125.986
53.243
110.660
39.999
219.407
59.114
28.252
72.718
90.051
18.847
94.298
141.256
44.807
35.870
49.818
35.940
23.663
4.544
5.789
85.545
111.137
97.702
27.189
48.040
81.659
40.515
247.343
14.598
119.983
10.098
28.252
76.934
118.061
113.849
233.144
69.604
15.097
58.388
48.882
79.208
115.053
125.705
135.877
81.872
28.702
12.747
15.069
26.153
30.740
126.835
251.839
8.426
23.681
19.338
85.756
139.887
98.426
154.261
143.471
9.660
121.442
103.541
20.016
59.889
156.575
99.615
71.810
18.173
32.085
37.222
9.172
62.519
21.206
35.098
11.957
3.686
155.945
74.723
146.934
23.116
71.585
65.586
46.331
57.249
11.492
30.438
0.876
41.198
17.634
131.139
83.767
73.578
5.888
51.159
95.518
100.120
51.653
65.527
179.460
1.241
123.456
26.237
63.301
100.046
90.298
34.585
107.882
107.190
9.417
413.085
134.942
44.807
37.809
137.516
37.233
6.996
196.093
101.603
55.937
220.998
99.449
65.451
60.732
217.092
77.546
23.900
14.431
243.154
90.469
80.234
25.171
63.885
52.545
66.421
38.322
179.460
6.401
171.442
45.759
154.401
76.527
39.523
95.580
6.870
124.953
261.137
1.239
50.583
106.161
58.009
19.595
278.653
19.294
26.952
69.957
5.149
11.470
46.773
35.031
113.152
140.348
101.103
91.136
49.642
26.549
197.738
254.730
27.333
66.834
7.138
347.341
94.831
59.165
51.873
103.267
81.664
192.808
150.050
181.640
2.831
133.833
137.912
30.018
79.715
176.772
25.373
73.242
82.734
86.934
6.611
323.573
130.660
37.262
35.247
31.916
85.174
92.617
191.190
60.704
6.728
122.841
20.393
35.753
69.717
122.143
34.938
48.574
73.242
8.465
237.673
7.694
100.329
8.404
9.401
21.764
184.427
29.399
33.381
41.715
47.301
16.330
144.980
22.072
90.725
25.552
78.234
2.085
107.843
26.462
40.003
136.897
280.262
3.753
447.290
9.804
3.823
65.767
18.348
28.649
37.311
13.653
70.353
70.826
14.857
217.363
113.608
6.520
81.247
3.777
2.169
16.299
43.435
42.882
9.172
8.310
65.444
109.600
119.175
17.579
91.850
88.538
257.835
7.220
90.795
203.962
34.087
176.866
156.097
70.214
22.395
102.554
22.395
85.436
137.319
1.239
267.082
53.517
8.221
76.968
86.287
155.193
106.381
135.613
61.554
56.298
71.143
60.793
99.503
46.467
207.330
113.854
85.756
4.366
41.769
132.067
19.613
194.044
56.550
137.155
80.083
119.990
98.746
38.511
43.563
152.129
31.537
27.945
130.651
3.992
155.079
1.576
45.931
143.471
150.366
1.585
33.818
213.767
13.955
6.157
44.722
21.863
179.418
44.938
128.461
30.574
3.992
31.422
82.412
142.873
14.594
32.272
23.681
161.859
26.237
7.288
65.414
106.161
17.011
42.627
15.028
40.103
94.875
3.288
142.957
10.648
31.537
151.066
65.744
74.565
37.117
150.089
8.757
52.179
146.646
122.841
130.651
88.566
44.073
65.597
236.915
17.196
22.392
144.980
14.298
116.337
89.913
14.995
214.750
21.701
10.092
23.506
94.752
44.543
42.627
97.205
27.045
80.362
71.143
56.550
60.793
52.493
49.444
33.475
205.862
77.051
29.402
0.254
46.125
139.138
16.116
185.823
52.396
17.470
100.139
149.566
8.572
19.608
6.350
151.966
286.379
96.707
166.385
28.025
123.603
5.233
150.874
42.213
28.369
303.200
100.185
83.059
65.230
92.906
26.951
68.010
180.014
41.860
15.200
214.879
142.873
108.631
50.194
139.887
24.129
30.430
48.747
147.242
126.835
6.442
99.911
0.301
75.884
72.725
67.646
43.471
73.494
20.731
1.160
128.064
8.235
95.320
6.990
201.711
15.397
42.259
379.276
138.910
65.843
23.409
1.174
35.089
97.002
178.348
16.535
108.664
39.642
189.772
16.280
34.275
40.483
3.812
25.116
26.347
10.648
9.718
86.672
48.475
21.200
45.121
99.354
22.529
3.523
41.128
77.706
97.727
196.212
64.790
81.664
50.927
19.319
359.493
213.048
141.826
7.040
50.332
54.630
13.234
69.379
144.458
23.033
86.785
73.406
0.540
278.653
18.544
57.703
127.110
79.974
160.631
124.391
26.381
28.804
28.333
16.268
15.543
0.535
40.939
87.664
28.042
1.383
35.247
3.324
138.162
0.301
151.913
119.140
20.766
30.852
181.093
170.239
42.819
118.724
29.399
237.824
36.615
90.584
109.904
452.286
28.187
151.087
78.860
160.878
4.578
36.329
132.382
5.084
9.347
127.398
24.875
13.879
204.639
45.964
125.969
13.960
187.253
69.036
14.767
62.751
33.368
52.019
4.269
25.644
22.983
15.877
159.237
294.015
170.239
65.393
78.635
28.421
26.939
51.873
47.047
6.298
138.595
13.726
85.542
7.220
215.706
48.352
9.025
19.747
60.545
112.671
98.426
75.121
62.062
2.519
103.711
24.225
133.769
77.003
28.920
6.242
58.684
79.351
15.404
118.724
78.860
40.515
8.419
1.449
0.275
43.387
79.840
60.773
48.353
102.034
30.654
80.625
33.381
54.116
26.347
175.453
28.369
83.449
35.792
45.632
38.018
38.507
11.369
258.644
80.025
6.918
254.730
76.934
36.831
15.409
4.071
100.689
24.253
24.534
37.618
6.395
44.167
85.889
193.692
132.406
108.945
46.156
76.941
132.382
21.594
119.206
35.039
87.572
217.363
91.686
23.712
61.459
241.634
22.747
90.165
128.461
12.124
64.672
209.675
66.529
30.447
132.067
43.808
21.661
49.989
149.076
8.072
40.784
38.331
83.488
11.752
13.916
57.381
67.838
58.926
119.762
8.310
39.800
4.594
28.422
17.123
6.087
74.642
16.501
137.516
6.918
40.483
82.065
6.364
34.738
9.210
62.165
26.327
92.848
12.975
10.774
161.277
118.978
32.734
30.530
48.487
10.725
5.289
619.887
3.686
86.689
80.625
74.173
91.755
189.183
69.809
163.453
138.340
8.984
81.763
6.136
37.117
78.125
120.544
110.602
62.471
28.369
46.518
86.672
222.757
62.165
89.608
18.348
85.542
30.906
53.430
105.475
15.358
288.054
23.412
45.759
177.719
21.279
41.329
17.319
202.216
153.935
3.585
22.134
48.353
28.944
59.895
8.404
41.502
3.667
59.689
20.865
6.395
44.316
125.686
90.328
117.081
145.462
142.573
88.726
12.338
16.183
40.547
8.345
129.519
23.900
3.226
25.094
120.286
1.903
96.506
27.442
99.615
90.165
25.171
204.639
12.447
50.337
281.548
109.277
91.714
13.802
139.641
72.725
291.029
79.633
109.600
170.488
158.512
96.632
37.939
124.302
22.212
42.213
19.062
5.076
24.705
98.879
281.548
14.298
379.276
178.110
2.144
116.570
109.779
73.059
10.794
7.565
3.523
48.353
120.667
10.761
32.586
26.382
94.183
6.696
33.216
38.037
27.572
1.431
66.481
149.015
207.330
350.681
237.824
122.970
54.658
16.960
3.249
85.889
52.222
24.937
36.528
442.165
106.173
166.717
9.373
149.138
29.445
128.214
4.956
144.757
116.403
28.270
187.096
18.107
50.037
155.411
12.969
17.994
82.982
49.473
25.023
86.934
36.540
67.848
4.749
131.545
45.032
3.499
49.109
53.531
205.748
114.048
102.130
103.541
21.791
29.402
169.241
101.603
7.493
360.629
2.458
65.393
58.215
58.754
188.226
65.663
65.744
61.967
3.671
4.793
87.572
25.552
95.519
70.214
23.498
10.291
118.217
193.692
17.319
172.316
28.718
83.413
127.039
24.794
21.107
154.792
77.358
58.910
72.526
69.604
43.119
18.952
7.694
43.942
11.428
60.808
90.254
10.110
109.284
68.248
2.437
78.860
25.400
76.409
81.069
33.024
168.495
358.076
12.384
92.751
2.035
4.050
143.220
85.981
126.559
312.842
39.632
3.539
21.086
36.030
8.601
33.931
91.051
12.784
21.290
25.418
76.941
141.611
200.173
68.010
135.121
13.205
21.077
161.047
16.306
24.611
32.314
4.578
62.916
0.320
20.659
25.734
98.938
200.758
31.230
100.217
38.169
136.443
151.561
19.102
37.222
107.882
19.414
18.056
59.721
16.553
31.769
34.846
55.399
56.040
55.266
115.701
64.570
65.230
9.296
56.827
111.854
132.382
58.408
62.909
36.895
40.103
35.896
5.102
64.926
45.032
125.249
32.406
132.382
146.700
50.840
42.550
255.204
5.420
64.683
159.012
94.163
19.608
44.722
27.847
27.229
41.502
6.788
57.398
6.056
42.362
220.998
10.794
2.437
17.994
169.834
65.371
45.978
58.941
31.045
115.701
267.082
43.169
23.411
117.969
48.940
115.225
86.770
69.210
10.683
14.481
9.210
0.709
207.330
187.828
27.432
187.517
164.707
49.961
84.714
52.715
85.052
26.407
75.121
95.183
59.319
117.192
21.816
205.748
149.036
42.706
59.428
22.072
193.663
82.467
105.982
18.348
246.980
82.794
47.323
96.695
67.266
159.012
28.421
72.603
124.226
51.653
59.667
35.940
23.994
70.826
85.344
150.706
171.210
176.694
142.115
12.975
16.647
114.747
9.718
36.522
131.233
88.566
32.322
92.233
96.632
47.300
31.769
89.225
73.947
30.653
42.441
150.874
209.347
145.311
21.915
10.197
50.037
111.854
133.769
179.460
8.310
53.531
37.233
17.197
139.924
12.384
118.129
15.358
20.359
51.718
9.657
59.428
12.272
12.194
214.900
12.338
58.388
7.220
124.617
48.377
96.998
17.334
20.432
10.092
29.634
80.132
59.059
85.436
13.802
22.134
78.924
29.634
90.480
4.953
78.663
36.189
17.319
26.381
97.281
38.144
93.743
92.751
101.152
7.245
66.125
83.499
125.997
148.644
255.204
5.697
224.517
15.587
144.884
86.280
74.723
59.613
54.906
45.065
33.475
72.835
32.902
37.093
98.618
52.493
89.613
106.173
38.847
11.492
97.022
71.070
54.257
12.335
1.575
34.928
158.460
239.031
57.616
10.228
27.534
38.188
111.413
2.325
26.230
0.302
62.878
38.184
160.878
90.899
14.727
85.418
81.584
6.479
122.337
125.525
4.017
125.805
60.794
92.496
83.488
28.066
89.496
156.536
2.839
54.869
10.721
72.665
41.945
18.056
207.330
9.162
35.552
64.790
94.606
29.230
127.398
80.625
98.618
44.025
5.102
10.228
21.216
179.418
1.329
154.034
17.197
258.178
10.648
211.244
427.455
21.376
107.843
13.961
15.628
60.078
60.730
72.305
77.352
0.126
26.218
139.390
107.152
5.073
17.939
12.272
67.986
19.719
12.400
1.201
125.805
26.381
38.876
44.219
27.728
73.406
184.342
43.294
36.831
176.096
2.144
126.269
66.816
116.337
72.725
41.860
109.858
21.863
128.745
47.024
20.720
117.166
51.914
61.730
47.634
34.928
31.870
42.583
111.137
4.441
33.381
151.066
117.263
109.403
44.219
110.002
34.820
16.939
10.098
41.084
124.842
55.382
40.168
83.691
88.509
28.949
139.068
39.800
153.815
199.425
169.834
101.190
8.535
256.876
1.383
196.639
134.752
102.418
58.007
400.881
33.777
39.348
56.674
18.834
102.601
150.934
11.696
13.388
489.396
125.799
0.576
125.799
22.027
220.376
90.380
72.038
0.302
3.499
8.492
59.895
150.510
32.486
70.634
179.460
41.041
13.388
132.179
72.038
14.228
30.211
161.277
12.701
142.115
117.528
70.214
125.525
20.661
222.757
15.409
72.621
39.447
19.747
86.280
7.734
109.070
278.653
168.423
295.533
401.646
49.296
98.895
169.569
62.967
163.453
65.527
41.006
44.860
26.381
207.438
92.987
13.802
13.960
62.628
298.639
36.712
19.581
6.611
34.087
29.490
0.302
169.152
400.455
187.417
41.014
4.156
78.234
7.245
1.174
137.319
32.756
70.813
0.624
77.546
6.520
78.924
57.066
134.517
19.606
60.293
24.705
123.432
63.135
147.301
4.430
4.834
118.430
255.752
23.541
81.514
131.763
3.249
101.493
137.531
98.443
23.663
18.379
34.809
187.267
25.373
10.291
40.515
93.089
28.187
81.463
14.564
156.716
104.703
34.745
124.115
150.874
7.485
46.342
45.451
1.655
25.055
94.291
17.852
260.626
113.796
26.428
3.082
58.330
156.668
13.416
16.306
9.347
12.272
6.401
13.310
107.152
179.418
42.595
79.496
19.608
128.327
0.642
150.050
37.659
19.495
5.252
92.233
127.398
40.380
28.157
77.994
60.808
85.418
139.641
41.104
153.961
41.104
1.201
37.293
6.918
10.774
37.117
37.684
40.094
20.659
12.796
60.300
6.479
22.470
35.250
19.400
30.667
21.245
101.736
119.762
36.329
31.045
28.431
281.677
67.167
177.270
3.523
70.973
5.346
2.136
112.125
48.036
54.640
