8
5
7
2
3
5
2
5
5
2
8
6
6
3
1
3
1
2
4
1
1
2
9
2
3
3
4
6
3
5
2
1
10
2
0
1
2
7
4
4
3
2
5
3
3
8
4
9
10
4
3
1
3
11
3
5
5
3
3
6
3
1
3
1
3
7
2
4
3
3
6
2
0
3
1
3
9
5
4
6
2
6
3
2
3
1
5
2
1
3
5
5
1
1
6
3
0
4
1
4
7
5
4
3
3
3
3
5
1
4
3
5
6
3
2
2
4
2
9
4
9
6
4
5
4
4
5
2
4
5
3
6
2
0
4
4
4
3
2
3
1
6
3
3
1
5
2
0
8
3
1
9
2
2
5
2
4
4
3
1
3
3
10
2
5
2
5
8
3
2
9
4
3
2
2
5
3
6
6
5
3
3
4
3
4
4
6
6
2
3
8
0
7
6
3
1
5
1
3
4
3
2
4
4
4
2
0
7
4
6
6
5
8
4
5
2
3
8
0
6
2
3
3
3
7
1
4
2
7
2
3
9
6
1
4
3
5
3
3
2
1
3
3
6
2
3
9
2
3
6
3
0
5
2
12
4
2
5
6
5
3
3
3
6
3
3
0
3
0
3
5
4
3
3
2
1
2
3
5
6
5
2
5
6
0
7
9
5
3
8
4
0
3
4
5
8
3
2
1
4
